5 0.3075980392156863 0.5075571895424837 0.5330882352941176 0.4056372549019608
5 0.5860906862745099 0.4730392156862745 0.23468137254901966 0.2606209150326797
5 0.7130821078431373 0.46548202614379086 0.14552696078431382 0.19158496732026142
5 0.8068321078431373 0.45200163398692805 0.11305147058823528 0.18259803921568624
5 0.8638174019607843 0.4487336601307189 0.08547794117647067 0.12785947712418294
5 0.3075980392156863 0.5075571895424837 0.5330882352941176 0.4056372549019608
5 0.5860906862745099 0.4730392156862745 0.23468137254901966 0.2606209150326797
5 0.7130821078431373 0.46548202614379086 0.14552696078431382 0.19158496732026142
5 0.8068321078431373 0.45200163398692805 0.11305147058823528 0.18259803921568624
5 0.8638174019607843 0.4487336601307189 0.08547794117647067 0.12785947712418294
