2 0.3259259259259259 0.617199391171994 0.5111111111111111 0.33942161339421617
2 0.7902777777777777 0.578386605783866 0.3842592592592593 0.3165905631659056
2 0.32499999999999996 0.34931506849315064 0.1111111111111111 0.1080669710806697
2 0.6537037037037037 0.3660578386605784 0.11111111111111116 0.1080669710806697
2 0.8638888888888889 0.3698630136986301 0.12037037037037035 0.1156773211567732
2 0.3259259259259259 0.617199391171994 0.5111111111111111 0.33942161339421617
2 0.7902777777777777 0.578386605783866 0.3842592592592593 0.3165905631659056
2 0.32499999999999996 0.34931506849315064 0.1111111111111111 0.1080669710806697
2 0.6537037037037037 0.3660578386605784 0.11111111111111116 0.1080669710806697
2 0.8638888888888889 0.3698630136986301 0.12037037037037035 0.1156773211567732
