8 0.12326989619377163 0.5020215633423181 0.10986159169550173 0.14959568733153633
10 0.18858131487889274 0.52088948787062 0.06574394463667821 0.16307277628032346
9 0.40657439446366783 0.6684636118598383 0.3339100346020761 0.3935309973045822
9 0.2789792387543253 0.48517520215633425 0.08564013840830448 0.0835579514824798
10 0.9264705882352942 0.6590296495956873 0.1470588235294118 0.2075471698113207
8 0.12326989619377163 0.5020215633423181 0.10986159169550173 0.14959568733153633
10 0.18858131487889274 0.52088948787062 0.06574394463667821 0.16307277628032346
9 0.40657439446366783 0.6684636118598383 0.3339100346020761 0.3935309973045822
9 0.2789792387543253 0.48517520215633425 0.08564013840830448 0.0835579514824798
10 0.9264705882352942 0.6590296495956873 0.1470588235294118 0.2075471698113207
